9.555205198031628E-7
0|1.8744160022646614E-8
1|1.875866415803301E-8
2|1.873634588793551E-8
3|1.8736749604887473E-8
0|0|0.0019647140962193053
0|2|0.0019647140962193053
0|4098|0.0019647140962193053
0|2052|0.0019647140962193053
0|6|0.0019647140962193053
0|9|0.0019647140962193053
0|3081|0.0019647140962193053
0|11|0.0019647140962193053
0|2060|0.0019647140962193053
0|13|0.0019647140962193053
0|3086|0.0019647140962193053
0|7182|0.0019647140962193053
0|1039|0.0019647140962193053
0|6159|0.0019647140962193053
0|3088|0.0019647140962193053
0|17|0.0019647140962193053
0|19|0.0019647140962193053
0|2068|0.0019647140962193053
0|6165|0.0019647140962193053
0|24|0.005894142288657924
0|26|0.0019647140962193053
0|6171|0.0019647140962193053
0|28|0.0019647140962193053
0|4125|0.0019647140962193053
0|30|0.0019647140962193053
0|33|0.0019647140962193053
0|2081|0.0019647140962193053
0|36|0.0019647140962193053
0|38|0.0019647140962193053
0|3111|0.0019647140962193053
0|40|0.0019647140962193053
0|1065|0.0019647140962193053
0|42|0.0019647140962193053
0|1066|0.0019647140962193053
0|46|0.0019647140962193053
0|48|0.0039294281924386115
0|1073|0.0019647140962193053
0|50|0.0019647140962193053
0|2099|0.0019647140962193053
0|15411|0.0019647140962193053
0|1076|0.0019647140962193053
0|52|0.0019647140962193053
0|15412|0.0019647140962193053
0|54|0.0019647140962193053
0|55|0.0019647140962193053
0|2104|0.0019647140962193053
0|58|0.0019647140962193053
0|2106|0.0019647140962193053
0|4154|0.0019647140962193053
0|59|0.0019647140962193053
0|1085|0.005894142288657924
0|62|0.0019647140962193053
0|5183|0.0019647140962193053
0|66|0.0019647140962193053
0|3138|0.0019647140962193053
0|4163|0.0019647140962193053
0|68|0.0019647140962193053
0|73|0.0019647140962193053
0|1097|0.0019647140962193053
0|20557|0.0019647140962193053
0|5199|0.0019647140962193053
0|81|0.0019647140962193053
0|1106|0.0019647140962193053
0|83|0.0019647140962193053
0|4187|0.0019647140962193053
0|94|0.0019647140962193053
0|96|0.0019647140962193053
0|1120|0.0019647140962193053
0|1122|0.0019647140962193053
0|99|0.0019647140962193053
0|5221|0.0019647140962193053
0|204901|0.0019647140962193053
0|113766|0.0019647140962193053
0|187493|0.0019647140962193053
0|11369|0.0019647140962193053
0|107|0.0019647140962193053
0|110|0.0019647140962193053
0|1134|0.0019647140962193053
0|19568|0.0019647140962193053
0|164979|0.0019647140962193053
0|115|0.0019647140962193053
0|120|0.0019647140962193053
0|2170|0.0019647140962193053
0|122|0.0019647140962193053
0|4220|0.0019647140962193053
0|2172|0.0019647140962193053
0|2173|0.0019647140962193053
0|1150|0.0019647140962193053
0|6271|0.0019647140962193053
0|2176|0.0019647140962193053
0|1154|0.0019647140962193053
0|13444|0.0019647140962193053
0|132|0.0019647140962193053
0|1156|0.0019647140962193053
0|1158|0.0019647140962193053
0|2183|0.0019647140962193053
0|5256|0.0019647140962193053
0|2184|0.0019647140962193053
0|7306|0.0019647140962193053
0|138|0.0019647140962193053
0|140|0.0019647140962193053
0|141|0.0019647140962193053
0|143|0.0019647140962193053
0|1168|0.0019647140962193053
0|145|0.0019647140962193053
0|149|0.0019647140962193053
0|2198|0.0019647140962193053
0|151|0.0019647140962193053
0|9368|0.0019647140962193053
0|1177|0.0019647140962193053
0|155|0.0019647140962193053
0|3228|0.0019647140962193053
0|4255|0.0019647140962193053
0|159|0.0019647140962193053
0|162|0.0019647140962193053
0|170|0.0019647140962193053
0|23722|0.0019647140962193053
0|1197|0.0019647140962193053
0|2224|0.0019647140962193053
0|177|0.0019647140962193053
0|1201|0.0019647140962193053
0|1208|0.0019647140962193053
0|47289|0.0019647140962193053
0|186|0.0019647140962193053
0|186558|0.0019647140962193053
0|189|0.0019647140962193053
0|6335|0.0019647140962193053
0|11461|0.0019647140962193053
0|198|0.0019647140962193053
0|11462|0.0019647140962193053
0|200|0.0019647140962193053
0|1229|0.0019647140962193053
0|8397|0.0019647140962193053
0|1230|0.0019647140962193053
0|208|0.0019647140962193053
0|1234|0.0019647140962193053
0|2259|0.0019647140962193053
0|212|0.0019647140962193053
0|213|0.0019647140962193053
0|201942|0.0019647140962193053
0|22741|0.0019647140962193053
0|214|0.0019647140962193053
0|216|0.0019647140962193053
0|5337|0.0019647140962193053
0|219|0.0019647140962193053
0|1243|0.0019647140962193053
0|1244|0.0019647140962193053
0|221|0.0019647140962193053
0|1247|0.0019647140962193053
0|224|0.0019647140962193053
0|6368|0.0019647140962193053
0|226|0.0019647140962193053
0|1250|0.0019647140962193053
0|5348|0.0019647140962193053
0|1256|0.0019647140962193053
0|204010|0.0019647140962193053
0|235|0.0019647140962193053
0|237|0.0019647140962193053
0|4337|0.0019647140962193053
0|41201|0.0019647140962193053
0|2291|0.0019647140962193053
0|244|0.0019647140962193053
0|3319|0.0019647140962193053
0|247|0.0019647140962193053
0|5367|0.0019647140962193053
0|1272|0.0019647140962193053
0|14585|0.0019647140962193053
0|4347|0.0019647140962193053
0|256|0.0019647140962193053
0|1280|0.0019647140962193053
0|258|0.0019647140962193053
0|25858|0.0019647140962193053
0|2309|0.0019647140962193053
0|261|0.0019647140962193053
0|1285|0.0019647140962193053
0|2314|0.0019647140962193053
0|4363|0.0019647140962193053
0|1291|0.0019647140962193053
0|1292|0.0019647140962193053
0|2318|0.0019647140962193053
0|15633|0.0019647140962193053
0|277|0.0019647140962193053
0|280|0.0019647140962193053
0|40217|0.0019647140962193053
0|4380|0.0019647140962193053
0|288|0.0019647140962193053
0|294|0.0019647140962193053
0|1320|0.0019647140962193053
0|1321|0.0019647140962193053
0|4393|0.0019647140962193053
0|299|0.0019647140962193053
0|2347|0.0019647140962193053
0|300|0.0019647140962193053
0|303|0.0019647140962193053
0|305|0.0019647140962193053
0|2353|0.0019647140962193053
0|4408|0.0019647140962193053
0|315|0.0019647140962193053
0|317|0.0019647140962193053
0|4415|0.0019647140962193053
0|2367|0.0019647140962193053
0|3391|0.0019647140962193053
0|321|0.0019647140962193053
0|323|0.0019647140962193053
0|325|0.0019647140962193053
0|329|0.0019647140962193053
0|330|0.0019647140962193053
0|2378|0.0019647140962193053
0|14667|0.0019647140962193053
0|332|0.0019647140962193053
0|3405|0.0019647140962193053
0|337|0.0019647140962193053
0|344|0.0019647140962193053
0|1369|0.0019647140962193053
0|351|0.0019647140962193053
0|4451|0.0019647140962193053
0|4455|0.0019647140962193053
0|359|0.0019647140962193053
0|361|0.0019647140962193053
0|363|0.0019647140962193053
0|2411|0.0019647140962193053
0|365|0.0019647140962193053
0|6511|0.0019647140962193053
0|368|0.0019647140962193053
0|370|0.0019647140962193053
0|10610|0.0019647140962193053
0|375|0.0019647140962193053
0|377|0.0019647140962193053
0|2429|0.0019647140962193053
0|2431|0.0019647140962193053
0|383|0.0019647140962193053
0|386|0.0019647140962193053
0|387|0.0019647140962193053
0|2436|0.0019647140962193053
0|4489|0.0019647140962193053
0|396|0.0019647140962193053
0|402|0.0019647140962193053
0|12691|0.0019647140962193053
0|405|0.0019647140962193053
0|408|0.0039294281924386115
0|3483|0.0019647140962193053
0|2460|0.0019647140962193053
0|3486|0.0019647140962193053
0|415|0.0019647140962193053
0|11680|0.0019647140962193053
0|417|0.0019647140962193053
0|2472|0.0019647140962193053
0|425|0.0019647140962193053
0|427|0.0019647140962193053
0|1453|0.0019647140962193053
0|10672|0.0019647140962193053
0|1460|0.0019647140962193053
0|440|0.0019647140962193053
0|52665|0.0019647140962193053
0|446|0.0019647140962193053
0|11710|0.0019647140962193053
0|10687|0.0019647140962193053
0|448|0.0019647140962193053
0|12741|0.0019647140962193053
0|455|0.0019647140962193053
0|460|0.0019647140962193053
0|10702|0.0019647140962193053
0|12753|0.0019647140962193053
0|1490|0.0019647140962193053
0|2515|0.0039294281924386115
0|470|0.0019647140962193053
0|9690|0.0039294281924386115
0|4572|0.0019647140962193053
0|3549|0.0019647140962193053
0|17886|0.0019647140962193053
0|479|0.0019647140962193053
0|8671|0.0019647140962193053
0|482|0.0019647140962193053
0|1510|0.0019647140962193053
0|8678|0.0019647140962193053
0|487|0.0019647140962193053
0|1515|0.0019647140962193053
0|7662|0.0019647140962193053
0|11759|0.0019647140962193053
0|498|0.0019647140962193053
0|4597|0.0019647140962193053
0|56821|0.0039294281924386115
0|504|0.0019647140962193053
0|1528|0.0019647140962193053
0|38396|0.0019647140962193053
0|512|0.0019647140962193053
0|513|0.0019647140962193053
0|8705|0.0019647140962193053
0|25092|0.0019647140962193053
0|178693|0.0019647140962193053
0|520|0.0019647140962193053
0|12810|0.0019647140962193053
0|3601|0.0019647140962193053
0|36372|0.0019647140962193053
0|532|0.0019647140962193053
0|538|0.0019647140962193053
0|541|0.0039294281924386115
0|6686|0.0019647140962193053
0|23070|0.0019647140962193053
0|545|0.0019647140962193053
0|10786|0.0019647140962193053
0|8740|0.0019647140962193053
0|3621|0.0019647140962193053
0|3622|0.0019647140962193053
0|551|0.0019647140962193053
0|3624|0.0019647140962193053
0|41512|0.0019647140962193053
0|10795|0.0019647140962193053
0|3628|0.0019647140962193053
0|24109|0.0019647140962193053
0|3635|0.0019647140962193053
0|3637|0.0019647140962193053
0|3640|0.0019647140962193053
0|568|0.0019647140962193053
0|570|0.0019647140962193053
0|12859|0.0019647140962193053
0|1601|0.0019647140962193053
0|579|0.0019647140962193053
0|6725|0.0019647140962193053
0|2630|0.0019647140962193053
0|8774|0.0019647140962193053
0|2632|0.0019647140962193053
0|588|0.0019647140962193053
0|4685|0.0019647140962193053
0|3661|0.0019647140962193053
0|589|0.0019647140962193053
0|593|0.0019647140962193053
0|11858|0.0019647140962193053
0|1625|0.0019647140962193053
0|602|0.0019647140962193053
0|603|0.0019647140962193053
0|10853|0.0019647140962193053
0|2661|0.0019647140962193053
0|1638|0.0019647140962193053
0|7787|0.0019647140962193053
0|621|0.0019647140962193053
0|622|0.0019647140962193053
0|2672|0.0019647140962193053
0|1651|0.0019647140962193053
0|7797|0.0019647140962193053
0|2679|0.0019647140962193053
0|634|0.0019647140962193053
0|2683|0.0019647140962193053
0|19068|0.0019647140962193053
0|1661|0.0019647140962193053
0|2685|0.0019647140962193053
0|7805|0.0019647140962193053
0|646|0.0019647140962193053
0|75399|0.0019647140962193053
0|53894|0.0019647140962193053
0|10886|0.0019647140962193053
0|647|0.0019647140962193053
0|6796|0.0019647140962193053
0|1678|0.0019647140962193053
0|655|0.0019647140962193053
0|115345|0.0019647140962193053
0|659|0.0019647140962193053
0|7827|0.0039294281924386115
0|660|0.0019647140962193053
0|99988|0.0019647140962193053
0|1685|0.0019647140962193053
0|6817|0.0019647140962193053
0|2723|0.0019647140962193053
0|16039|0.0019647140962193053
0|5807|0.0019647140962193053
0|694|0.007858856384877225
0|1718|0.0019647140962193053
0|2744|0.0019647140962193053
0|698|0.0019647140962193053
0|699|0.0019647140962193053
0|6851|0.0019647140962193053
0|70340|0.0019647140962193053
0|100039|0.0019647140962193053
0|2758|0.0019647140962193053
0|711|0.0019647140962193053
0|713|0.0019647140962193053
0|21193|0.0019647140962193053
0|716|0.0019647140962193053
0|1741|0.0019647140962193053
0|1744|0.0019647140962193053
0|721|0.0019647140962193053
0|2770|0.0019647140962193053
0|3794|0.0019647140962193053
0|3795|0.0019647140962193053
0|2774|0.0019647140962193053
0|734|0.0019647140962193053
0|735|0.0019647140962193053
0|6886|0.0019647140962193053
0|1767|0.0019647140962193053
0|20202|0.0019647140962193053
0|2796|0.0019647140962193053
0|755|0.0019647140962193053
0|6900|0.0019647140962193053
0|19188|0.0019647140962193053
0|4855|0.0019647140962193053
0|5880|0.0039294281924386115
0|4858|0.0019647140962193053
0|6906|0.0019647140962193053
0|2812|0.0019647140962193053
0|764|0.0019647140962193053
0|15104|0.0019647140962193053
0|769|0.0019647140962193053
0|771|0.0019647140962193053
0|78594|0.0019647140962193053
0|2821|0.0019647140962193053
0|2823|0.0019647140962193053
0|4873|0.0019647140962193053
0|778|0.0019647140962193053
0|1802|0.0039294281924386115
0|782|0.0019647140962193053
0|19217|0.0019647140962193053
0|29458|0.0019647140962193053
0|1811|0.0019647140962193053
0|2841|0.0019647140962193053
0|794|0.0019647140962193053
0|796|0.0019647140962193053
0|5916|0.0019647140962193053
0|187167|0.0019647140962193053
0|1822|0.0019647140962193053
0|3891|0.0019647140962193053
0|1846|0.0019647140962193053
0|823|0.0019647140962193053
0|2871|0.0019647140962193053
0|824|0.0019647140962193053
0|6977|0.0019647140962193053
0|4933|0.0019647140962193053
0|4940|0.0019647140962193053
0|6996|0.0019647140962193053
0|21333|0.0019647140962193053
0|854|0.0019647140962193053
0|1880|0.0019647140962193053
0|5978|0.0019647140962193053
0|860|0.0019647140962193053
0|861|0.0019647140962193053
0|864|0.0019647140962193053
0|1890|0.0019647140962193053
0|870|0.0019647140962193053
0|1897|0.0019647140962193053
0|22381|0.0019647140962193053
0|877|0.0019647140962193053
0|1907|0.0019647140962193053
0|29555|0.0039294281924386115
0|886|0.0019647140962193053
0|889|0.0019647140962193053
0|4986|0.0019647140962193053
0|1914|0.0019647140962193053
0|892|0.0019647140962193053
0|2950|0.0019647140962193053
0|1927|0.0019647140962193053
0|2951|0.0019647140962193053
0|2956|0.0019647140962193053
0|928|0.0019647140962193053
0|1953|0.0019647140962193053
0|930|0.0019647140962193053
0|1962|0.0019647140962193053
0|943|0.0019647140962193053
0|17329|0.0019647140962193053
0|946|0.0019647140962193053
0|14261|0.0019647140962193053
0|951|0.0019647140962193053
0|6073|0.0019647140962193053
0|1993|0.0019647140962193053
0|970|0.0019647140962193053
0|10186|0.0019647140962193053
0|972|0.0019647140962193053
0|975|0.0019647140962193053
0|5071|0.0019647140962193053
0|978|0.0019647140962193053
0|2006|0.0019647140962193053
0|3031|0.0019647140962193053
0|984|0.0019647140962193053
0|6104|0.0019647140962193053
0|5084|0.0019647140962193053
0|2023|0.0019647140962193053
0|7145|0.0019647140962193053
0|9195|0.0019647140962193053
0|1003|0.0019647140962193053
0|1004|0.0019647140962193053
0|1006|0.0019647140962193053
0|3054|0.0019647140962193053
0|3060|0.0019647140962193053
0|1016|0.0019647140962193053
1|247811|6.9090390246621E-4
1|247810|6.9090390246621E-4
1|249858|6.9090390246621E-4
1|247809|6.9090390246621E-4
1|247808|0.0013818078049324205
1|256000|6.9090390246621E-4
1|251904|6.9090390246621E-4
1|249863|6.9090390246621E-4
1|247815|6.9090390246621E-4
1|53253|6.9090390246621E-4
1|247813|6.9090390246621E-4
1|401408|6.9090390246621E-4
1|247812|6.9090390246621E-4
1|2056|6.9090390246621E-4
1|247819|6.9090390246621E-4
1|77833|6.9090390246621E-4
1|247818|0.0013818078049324205
1|258056|6.9090390246621E-4
1|249864|6.9090390246621E-4
1|249871|6.9090390246621E-4
1|247822|6.9090390246621E-4
1|1046529|6.9090390246621E-4
1|247821|6.9090390246621E-4
1|247820|0.0013818078049324205
1|249868|6.9090390246621E-4
1|251916|6.9090390246621E-4
1|247827|6.9090390246621E-4
1|249875|6.9090390246621E-4
1|180242|6.9090390246621E-4
1|247826|6.9090390246621E-4
1|247825|6.9090390246621E-4
1|249873|6.9090390246621E-4
1|247824|0.0013818078049324205
1|247830|6.9090390246621E-4
1|294930|6.9090390246621E-4
1|247835|6.9090390246621E-4
1|247834|6.9090390246621E-4
1|247832|6.9090390246621E-4
1|247839|6.9090390246621E-4
1|247838|6.9090390246621E-4
1|313369|6.9090390246621E-4
1|247837|6.9090390246621E-4
1|247836|6.9090390246621E-4
1|249891|6.9090390246621E-4
1|247843|6.9090390246621E-4
1|247842|6.9090390246621E-4
1|247841|6.9090390246621E-4
1|249889|6.9090390246621E-4
1|247847|6.9090390246621E-4
1|249895|6.9090390246621E-4
1|247846|6.9090390246621E-4
1|247845|6.9090390246621E-4
1|247844|6.9090390246621E-4
1|249898|6.9090390246621E-4
1|247855|6.9090390246621E-4
1|262185|6.9090390246621E-4
1|106543|6.9090390246621E-4
1|247853|6.9090390246621E-4
1|249900|6.9090390246621E-4
1|247852|6.9090390246621E-4
1|254003|6.9090390246621E-4
1|247863|6.9090390246621E-4
1|270385|6.9090390246621E-4
1|247860|6.9090390246621E-4
1|254010|6.9090390246621E-4
1|247865|6.9090390246621E-4
1|249912|6.9090390246621E-4
1|251967|6.9090390246621E-4
1|247870|6.9090390246621E-4
1|247869|0.0020727117073986293
1|118846|6.9090390246621E-4
1|249916|6.9090390246621E-4
1|247875|6.9090390246621E-4
1|254018|6.9090390246621E-4
1|135232|6.9090390246621E-4
1|247872|0.0013818078049324205
1|247879|6.9090390246621E-4
1|247878|6.9090390246621E-4
1|247877|0.0013818078049324205
1|247876|6.9090390246621E-4
1|247883|6.9090390246621E-4
1|73|0.0020727117073986293
1|247882|6.9090390246621E-4
1|247881|6.9090390246621E-4
1|247880|6.9090390246621E-4
1|270408|6.9090390246621E-4
1|247886|6.9090390246621E-4
1|249932|6.9090390246621E-4
1|247889|6.9090390246621E-4
1|249937|6.9090390246621E-4
1|247888|6.9090390246621E-4
1|247895|6.9090390246621E-4
1|247899|6.9090390246621E-4
1|247898|0.0013818078049324205
1|249945|6.9090390246621E-4
1|247896|6.9090390246621E-4
1|262239|6.9090390246621E-4
1|247903|6.9090390246621E-4
1|247902|6.9090390246621E-4
1|254045|6.9090390246621E-4
1|247900|6.9090390246621E-4
1|247906|6.9090390246621E-4
1|260194|6.9090390246621E-4
1|247905|0.0013818078049324205
1|247904|6.9090390246621E-4
1|247911|6.9090390246621E-4
1|249959|6.9090390246621E-4
1|247909|0.0013818078049324205
1|249957|6.9090390246621E-4
1|61543|6.9090390246621E-4
1|247908|6.9090390246621E-4
1|96361|6.9090390246621E-4
1|249963|6.9090390246621E-4
1|249961|6.9090390246621E-4
1|415853|6.9090390246621E-4
1|247916|6.9090390246621E-4
1|247922|6.9090390246621E-4
1|247921|0.0013818078049324205
1|247920|6.9090390246621E-4
1|247927|6.9090390246621E-4
1|258166|6.9090390246621E-4
1|247926|6.9090390246621E-4
1|249978|6.9090390246621E-4
1|247930|6.9090390246621E-4
1|247929|6.9090390246621E-4
1|249976|6.9090390246621E-4
1|469115|6.9090390246621E-4
1|247934|6.9090390246621E-4
1|247933|6.9090390246621E-4
1|305274|6.9090390246621E-4
1|247932|6.9090390246621E-4
1|256124|6.9090390246621E-4
1|249987|6.9090390246621E-4
1|247938|6.9090390246621E-4
1|249985|6.9090390246621E-4
1|247942|6.9090390246621E-4
1|430208|6.9090390246621E-4
1|249988|6.9090390246621E-4
1|247940|0.0013818078049324205
1|247947|6.9090390246621E-4
1|247945|6.9090390246621E-4
1|254089|6.9090390246621E-4
1|247944|6.9090390246621E-4
1|344200|6.9090390246621E-4
1|247949|6.9090390246621E-4
1|247948|6.9090390246621E-4
1|247955|6.9090390246621E-4
1|250002|6.9090390246621E-4
1|288917|6.9090390246621E-4
1|252049|6.9090390246621E-4
1|247952|6.9090390246621E-4
1|247959|6.9090390246621E-4
1|247958|6.9090390246621E-4
1|247956|0.0013818078049324205
1|247963|6.9090390246621E-4
1|250011|6.9090390246621E-4
1|250010|6.9090390246621E-4
1|247961|6.9090390246621E-4
1|247967|6.9090390246621E-4
1|161950|6.9090390246621E-4
1|247966|0.0013818078049324205
1|247964|6.9090390246621E-4
1|247971|6.9090390246621E-4
1|247970|6.9090390246621E-4
1|247968|6.9090390246621E-4
1|247975|6.9090390246621E-4
1|250023|6.9090390246621E-4
1|247974|6.9090390246621E-4
1|254117|6.9090390246621E-4
1|250020|6.9090390246621E-4
1|250027|6.9090390246621E-4
1|247979|6.9090390246621E-4
1|252075|6.9090390246621E-4
1|247978|6.9090390246621E-4
1|247976|6.9090390246621E-4
1|391342|6.9090390246621E-4
1|250030|6.9090390246621E-4
1|247982|0.0013818078049324205
1|247981|6.9090390246621E-4
1|247986|6.9090390246621E-4
1|247985|6.9090390246621E-4
1|247984|6.9090390246621E-4
1|551100|6.9090390246621E-4
1|250039|6.9090390246621E-4
1|247991|6.9090390246621E-4
1|250038|6.9090390246621E-4
1|254134|6.9090390246621E-4
1|247988|6.9090390246621E-4
1|260282|6.9090390246621E-4
1|247999|6.9090390246621E-4
1|247996|6.9090390246621E-4
1|248003|6.9090390246621E-4
1|250048|0.002763615609864841
1|248000|6.9090390246621E-4
1|248007|6.9090390246621E-4
1|248005|6.9090390246621E-4
1|248004|6.9090390246621E-4
1|254154|6.9090390246621E-4
1|256202|6.9090390246621E-4
1|248009|6.9090390246621E-4
1|256200|6.9090390246621E-4
1|248014|6.9090390246621E-4
1|250061|6.9090390246621E-4
1|248012|6.9090390246621E-4
1|248018|6.9090390246621E-4
1|248017|6.9090390246621E-4
1|248016|6.9090390246621E-4
1|18644|6.9090390246621E-4
1|125140|6.9090390246621E-4
1|88276|6.9090390246621E-4
1|248022|6.9090390246621E-4
1|248027|6.9090390246621E-4
1|248025|6.9090390246621E-4
1|590034|6.9090390246621E-4
1|248030|6.9090390246621E-4
1|248028|6.9090390246621E-4
1|248035|6.9090390246621E-4
1|248033|6.9090390246621E-4
1|248032|6.9090390246621E-4
1|248038|6.9090390246621E-4
1|248036|6.9090390246621E-4
1|248043|6.9090390246621E-4
1|250090|6.9090390246621E-4
1|248045|6.9090390246621E-4
1|248044|6.9090390246621E-4
1|252140|6.9090390246621E-4
1|88305|6.9090390246621E-4
1|248051|6.9090390246621E-4
1|10481|6.9090390246621E-4
1|252145|6.9090390246621E-4
1|250101|6.9090390246621E-4
1|248053|6.9090390246621E-4
1|248052|6.9090390246621E-4
1|248059|6.9090390246621E-4
1|254202|6.9090390246621E-4
1|248058|6.9090390246621E-4
1|248057|6.9090390246621E-4
1|252159|6.9090390246621E-4
1|250111|6.9090390246621E-4
1|258302|6.9090390246621E-4
1|590071|6.9090390246621E-4
1|248061|6.9090390246621E-4
1|256252|6.9090390246621E-4
1|250113|6.9090390246621E-4
1|248064|6.9090390246621E-4
1|248071|6.9090390246621E-4
1|248070|6.9090390246621E-4
1|248074|6.9090390246621E-4
1|248073|6.9090390246621E-4
1|250121|6.9090390246621E-4
1|248072|0.0013818078049324205
1|252175|6.9090390246621E-4
1|250126|6.9090390246621E-4
1|248077|0.0013818078049324205
1|248076|6.9090390246621E-4
1|248082|6.9090390246621E-4
1|252177|6.9090390246621E-4
1|248080|0.003454519512331048
1|250128|6.9090390246621E-4
1|248087|6.9090390246621E-4
1|252182|6.9090390246621E-4
1|248085|0.0013818078049324205
1|248084|6.9090390246621E-4
1|248091|6.9090390246621E-4
1|262430|6.9090390246621E-4
1|254233|6.9090390246621E-4
1|250137|0.0013818078049324205
1|248094|6.9090390246621E-4
1|262426|6.9090390246621E-4
1|248092|6.9090390246621E-4
1|256284|6.9090390246621E-4
1|248099|6.9090390246621E-4
1|248098|0.0020727117073986293
1|338212|6.9090390246621E-4
1|256292|6.9090390246621E-4
1|252203|6.9090390246621E-4
1|248107|6.9090390246621E-4
1|248106|6.9090390246621E-4
1|57643|6.9090390246621E-4
1|250152|6.9090390246621E-4
1|248111|6.9090390246621E-4
1|250157|6.9090390246621E-4
1|248108|6.9090390246621E-4
1|248113|6.9090390246621E-4
1|248112|6.9090390246621E-4
1|248119|6.9090390246621E-4
1|250167|6.9090390246621E-4
1|555324|6.9090390246621E-4
1|248118|6.9090390246621E-4
1|274739|6.9090390246621E-4
1|250164|6.9090390246621E-4
1|248123|6.9090390246621E-4
1|250170|6.9090390246621E-4
1|254271|0.0013818078049324205
1|248127|0.0013818078049324205
1|250174|6.9090390246621E-4
1|248125|6.9090390246621E-4
1|250172|6.9090390246621E-4
1|248130|6.9090390246621E-4
1|250178|6.9090390246621E-4
1|250176|6.9090390246621E-4
1|254279|6.9090390246621E-4
1|250183|6.9090390246621E-4
1|248134|6.9090390246621E-4
1|248133|6.9090390246621E-4
1|252228|6.9090390246621E-4
1|561472|0.0020727117073986293
1|248137|6.9090390246621E-4
1|252232|6.9090390246621E-4
1|248142|6.9090390246621E-4
1|250189|6.9090390246621E-4
1|248140|6.9090390246621E-4
1|256338|6.9090390246621E-4
1|248146|6.9090390246621E-4
1|248144|6.9090390246621E-4
1|469331|6.9090390246621E-4
1|248154|6.9090390246621E-4
1|147800|6.9090390246621E-4
1|258393|6.9090390246621E-4
1|248153|6.9090390246621E-4
1|250201|6.9090390246621E-4
1|254296|6.9090390246621E-4
1|248159|6.9090390246621E-4
1|252254|6.9090390246621E-4
1|248156|6.9090390246621E-4
1|250204|6.9090390246621E-4
1|248161|6.9090390246621E-4
1|250209|6.9090390246621E-4
1|250208|6.9090390246621E-4
1|270688|6.9090390246621E-4
1|248165|6.9090390246621E-4
1|254309|6.9090390246621E-4
1|248171|0.0013818078049324205
1|248169|0.0013818078049324205
1|309615|6.9090390246621E-4
1|254312|6.9090390246621E-4
1|248175|0.0013818078049324205
1|250221|6.9090390246621E-4
1|248172|6.9090390246621E-4
1|248178|6.9090390246621E-4
1|256368|6.9090390246621E-4
1|250224|0.0013818078049324205
1|248183|6.9090390246621E-4
1|248182|6.9090390246621E-4
1|571760|6.9090390246621E-4
1|248189|6.9090390246621E-4
1|248193|6.9090390246621E-4
1|248197|6.9090390246621E-4
1|248203|6.9090390246621E-4
1|248200|6.9090390246621E-4
1|254344|6.9090390246621E-4
1|248206|6.9090390246621E-4
1|2445|6.9090390246621E-4
1|248211|6.9090390246621E-4
1|264599|6.9090390246621E-4
1|55699|6.9090390246621E-4
1|250263|6.9090390246621E-4
1|274832|6.9090390246621E-4
1|248215|6.9090390246621E-4
1|248214|6.9090390246621E-4
1|250261|6.9090390246621E-4
1|250260|6.9090390246621E-4
1|6555|6.9090390246621E-4
1|268703|6.9090390246621E-4
1|254367|6.9090390246621E-4
1|258463|6.9090390246621E-4
1|250270|6.9090390246621E-4
1|248221|6.9090390246621E-4
1|248227|6.9090390246621E-4
1|133539|6.9090390246621E-4
1|240033|6.9090390246621E-4
1|248225|6.9090390246621E-4
1|248231|6.9090390246621E-4
1|319905|6.9090390246621E-4
1|248230|6.9090390246621E-4
1|248229|6.9090390246621E-4
1|248234|6.9090390246621E-4
1|248233|6.9090390246621E-4
1|272815|6.9090390246621E-4
1|567715|0.0013818078049324205
1|248243|6.9090390246621E-4
1|248242|6.9090390246621E-4
1|258482|6.9090390246621E-4
1|2482|6.9090390246621E-4
1|248240|6.9090390246621E-4
1|258480|6.9090390246621E-4
1|295351|6.9090390246621E-4
1|248247|6.9090390246621E-4
1|467378|0.0013818078049324205
1|248245|6.9090390246621E-4
1|250293|0.0013818078049324205
1|313789|6.9090390246621E-4
1|248249|6.9090390246621E-4
1|248255|6.9090390246621E-4
1|252351|6.9090390246621E-4
1|635316|6.9090390246621E-4
1|264634|6.9090390246621E-4
1|252348|6.9090390246621E-4
1|252354|6.9090390246621E-4
1|256450|6.9090390246621E-4
1|248258|6.9090390246621E-4
1|248263|6.9090390246621E-4
1|414146|6.9090390246621E-4
1|250310|6.9090390246621E-4
1|311745|0.0013818078049324205
1|108999|6.9090390246621E-4
1|248260|6.9090390246621E-4
1|45512|6.9090390246621E-4
1|248267|6.9090390246621E-4
1|248265|0.0013818078049324205
1|252360|6.9090390246621E-4
1|248270|6.9090390246621E-4
1|309718|6.9090390246621E-4
1|252375|6.9090390246621E-4
1|248278|6.9090390246621E-4
1|248277|6.9090390246621E-4
1|274898|6.9090390246621E-4
1|2523|6.9090390246621E-4
1|252376|6.9090390246621E-4
1|250335|6.9090390246621E-4
1|248286|6.9090390246621E-4
1|248285|6.9090390246621E-4
1|260573|6.9090390246621E-4
1|248291|6.9090390246621E-4
1|381412|6.9090390246621E-4
1|248288|6.9090390246621E-4
1|248292|6.9090390246621E-4
1|248299|6.9090390246621E-4
1|258536|6.9090390246621E-4
1|256493|6.9090390246621E-4
1|479721|0.0013818078049324205
1|256492|6.9090390246621E-4
1|248306|6.9090390246621E-4
1|254454|6.9090390246621E-4
1|250357|6.9090390246621E-4
1|250362|6.9090390246621E-4
1|248314|6.9090390246621E-4
1|250360|6.9090390246621E-4
1|248312|6.9090390246621E-4
1|256511|6.9090390246621E-4
1|248316|0.0013818078049324205
1|248323|6.9090390246621E-4
1|258563|6.9090390246621E-4
1|248322|6.9090390246621E-4
1|248327|6.9090390246621E-4
1|258565|6.9090390246621E-4
1|250372|6.9090390246621E-4
1|248331|6.9090390246621E-4
1|248330|0.0013818078049324205
1|248329|6.9090390246621E-4
1|252424|6.9090390246621E-4
1|248339|6.9090390246621E-4
1|248337|6.9090390246621E-4
1|250391|6.9090390246621E-4
1|248340|6.9090390246621E-4
1|248347|6.9090390246621E-4
1|250394|6.9090390246621E-4
1|260633|6.9090390246621E-4
1|248344|6.9090390246621E-4
1|166425|6.9090390246621E-4
1|248353|6.9090390246621E-4
1|250400|6.9090390246621E-4
1|248352|6.9090390246621E-4
1|248359|6.9090390246621E-4
1|248358|6.9090390246621E-4
1|240164|6.9090390246621E-4
1|41512|6.9090390246621E-4
1|248363|6.9090390246621E-4
1|154155|6.9090390246621E-4
1|248367|0.0013818078049324205
1|248365|6.9090390246621E-4
1|250413|6.9090390246621E-4
1|250412|6.9090390246621E-4
1|248371|6.9090390246621E-4
1|248370|6.9090390246621E-4
1|248369|6.9090390246621E-4
1|260663|6.9090390246621E-4
1|248373|6.9090390246621E-4
1|248372|6.9090390246621E-4
1|248379|6.9090390246621E-4
1|248378|6.9090390246621E-4
1|248376|6.9090390246621E-4
1|248380|6.9090390246621E-4
1|250434|6.9090390246621E-4
1|248384|6.9090390246621E-4
1|252480|6.9090390246621E-4
1|248390|6.9090390246621E-4
1|252485|6.9090390246621E-4
1|96838|6.9090390246621E-4
1|248388|6.9090390246621E-4
1|248395|6.9090390246621E-4
1|248394|6.9090390246621E-4
1|250442|6.9090390246621E-4
1|250446|6.9090390246621E-4
1|248397|6.9090390246621E-4
1|248396|6.9090390246621E-4
1|250444|6.9090390246621E-4
1|289366|6.9090390246621E-4
1|248407|6.9090390246621E-4
1|248406|6.9090390246621E-4
1|250453|6.9090390246621E-4
1|254548|6.9090390246621E-4
1|252505|6.9090390246621E-4
1|166494|6.9090390246621E-4
1|248415|6.9090390246621E-4
1|250460|6.9090390246621E-4
1|248416|6.9090390246621E-4
1|248423|6.9090390246621E-4
1|250471|6.9090390246621E-4
1|248425|6.9090390246621E-4
1|248431|6.9090390246621E-4
1|248430|6.9090390246621E-4
1|248434|6.9090390246621E-4
1|340599|6.9090390246621E-4
1|248432|6.9090390246621E-4
1|248439|6.9090390246621E-4
1|250486|6.9090390246621E-4
1|248446|0.0013818078049324205
1|248445|6.9090390246621E-4
1|248450|6.9090390246621E-4
1|248455|6.9090390246621E-4
1|248454|6.9090390246621E-4
1|262797|6.9090390246621E-4
1|254602|6.9090390246621E-4
1|127624|6.9090390246621E-4
1|250504|6.9090390246621E-4
1|70284|6.9090390246621E-4
1|250508|6.9090390246621E-4
1|248467|6.9090390246621E-4
1|252562|6.9090390246621E-4
1|248464|6.9090390246621E-4
1|256656|6.9090390246621E-4
1|250519|6.9090390246621E-4
1|248470|6.9090390246621E-4
1|250517|6.9090390246621E-4
1|250516|6.9090390246621E-4
1|410267|6.9090390246621E-4
1|248478|6.9090390246621E-4
1|248476|6.9090390246621E-4
1|248483|6.9090390246621E-4
1|248480|6.9090390246621E-4
1|252583|6.9090390246621E-4
1|250534|6.9090390246621E-4
1|248486|6.9090390246621E-4
1|248490|6.9090390246621E-4
1|271021|6.9090390246621E-4
1|248488|0.0020727117073986293
1|250543|6.9090390246621E-4
1|248494|6.9090390246621E-4
1|248493|6.9090390246621E-4
1|248499|6.9090390246621E-4
1|465591|6.9090390246621E-4
1|248498|6.9090390246621E-4
1|158384|6.9090390246621E-4
1|21173|6.9090390246621E-4
1|248501|6.9090390246621E-4
1|248500|6.9090390246621E-4
1|250554|6.9090390246621E-4
1|33469|6.9090390246621E-4
1|248509|6.9090390246621E-4
1|258748|6.9090390246621E-4
1|248515|6.9090390246621E-4
1|268996|6.9090390246621E-4
1|250562|6.9090390246621E-4
1|248519|6.9090390246621E-4
1|248517|6.9090390246621E-4
1|142026|6.9090390246621E-4
1|254667|6.9090390246621E-4
1|289480|6.9090390246621E-4
1|248526|6.9090390246621E-4
1|248524|6.9090390246621E-4
1|252620|6.9090390246621E-4
1|248531|6.9090390246621E-4
1|250578|6.9090390246621E-4
1|248529|6.9090390246621E-4
1|271057|0.002763615609864841
1|248534|6.9090390246621E-4
1|248533|6.9090390246621E-4
1|252629|6.9090390246621E-4
1|248532|6.9090390246621E-4
1|465631|6.9090390246621E-4
1|273119|6.9090390246621E-4
1|248543|6.9090390246621E-4
1|252638|6.9090390246621E-4
1|250590|6.9090390246621E-4
1|248541|6.9090390246621E-4
1|248540|6.9090390246621E-4
1|252636|6.9090390246621E-4
1|248544|6.9090390246621E-4
1|248551|6.9090390246621E-4
1|248548|6.9090390246621E-4
1|248552|6.9090390246621E-4
1|250606|6.9090390246621E-4
1|250605|6.9090390246621E-4
1|260845|0.0013818078049324205
1|248556|6.9090390246621E-4
1|248563|6.9090390246621E-4
1|248560|6.9090390246621E-4
1|254711|6.9090390246621E-4
1|254709|6.9090390246621E-4
1|305907|6.9090390246621E-4
1|250612|6.9090390246621E-4
1|248571|6.9090390246621E-4
1|248569|6.9090390246621E-4
1|250617|6.9090390246621E-4
1|248568|6.9090390246621E-4
1|260856|6.9090390246621E-4
1|248575|6.9090390246621E-4
1|248572|6.9090390246621E-4
1|248578|6.9090390246621E-4
1|248576|6.9090390246621E-4
1|248581|6.9090390246621E-4
1|15112|6.9090390246621E-4
1|252682|6.9090390246621E-4
1|248584|6.9090390246621E-4
1|260878|6.9090390246621E-4
1|250637|6.9090390246621E-4
1|248588|6.9090390246621E-4
1|254732|6.9090390246621E-4
1|250641|6.9090390246621E-4
1|248592|6.9090390246621E-4
1|248598|6.9090390246621E-4
1|248597|6.9090390246621E-4
1|248603|6.9090390246621E-4
1|248602|6.9090390246621E-4
1|248601|6.9090390246621E-4
1|254745|6.9090390246621E-4
1|264991|6.9090390246621E-4
1|324377|6.9090390246621E-4
1|248605|6.9090390246621E-4
1|250652|6.9090390246621E-4
1|248611|6.9090390246621E-4
1|248610|6.9090390246621E-4
1|248608|6.9090390246621E-4
1|248614|6.9090390246621E-4
1|367392|6.9090390246621E-4
1|291624|6.9090390246621E-4
1|250670|6.9090390246621E-4
1|248622|6.9090390246621E-4
1|248620|6.9090390246621E-4
1|248627|6.9090390246621E-4
1|252725|6.9090390246621E-4
1|252731|6.9090390246621E-4
1|482110|6.9090390246621E-4
1|269118|6.9090390246621E-4
1|248637|6.9090390246621E-4
1|248643|6.9090390246621E-4
1|248640|6.9090390246621E-4
1|13124|6.9090390246621E-4
1|248647|6.9090390246621E-4
1|289600|6.9090390246621E-4
1|199493|6.9090390246621E-4
1|250692|6.9090390246621E-4
1|248644|6.9090390246621E-4
1|248650|6.9090390246621E-4
1|256841|6.9090390246621E-4
1|250701|6.9090390246621E-4
1|248652|6.9090390246621E-4
1|248662|6.9090390246621E-4
1|248660|6.9090390246621E-4
1|248671|6.9090390246621E-4
1|248670|0.0013818078049324205
1|248669|6.9090390246621E-4
1|250717|6.9090390246621E-4
1|248675|6.9090390246621E-4
1|248678|6.9090390246621E-4
1|416608|0.002763615609864841
1|248677|6.9090390246621E-4
1|250724|6.9090390246621E-4
1|248676|6.9090390246621E-4
1|256873|6.9090390246621E-4
1|248687|6.9090390246621E-4
1|248685|6.9090390246621E-4
1|248691|6.9090390246621E-4
1|310133|6.9090390246621E-4
1|250737|6.9090390246621E-4
1|248695|6.9090390246621E-4
1|248698|6.9090390246621E-4
1|248702|6.9090390246621E-4
1|252803|6.9090390246621E-4
1|283525|6.9090390246621E-4
1|248705|6.9090390246621E-4
1|250762|6.9090390246621E-4
1|248712|6.9090390246621E-4
1|269199|6.9090390246621E-4
1|248722|6.9090390246621E-4
1|248727|6.9090390246621E-4
1|250774|6.9090390246621E-4
1|250773|6.9090390246621E-4
1|113558|6.9090390246621E-4
1|256916|6.9090390246621E-4
1|256922|6.9090390246621E-4
1|248729|6.9090390246621E-4
1|256930|6.9090390246621E-4
1|248737|6.9090390246621E-4
1|250785|6.9090390246621E-4
1|250791|6.9090390246621E-4
1|88998|0.0013818078049324205
1|248747|6.9090390246621E-4
1|248746|6.9090390246621E-4
1|248749|6.9090390246621E-4
1|258995|6.9090390246621E-4
1|252850|6.9090390246621E-4
1|248759|6.9090390246621E-4
1|248761|6.9090390246621E-4
1|277438|6.9090390246621E-4
1|248766|6.9090390246621E-4
1|248770|6.9090390246621E-4
1|250817|6.9090390246621E-4
1|248775|6.9090390246621E-4
1|248774|6.9090390246621E-4
1|252868|6.9090390246621E-4
1|248772|6.9090390246621E-4
1|66507|6.9090390246621E-4
1|248776|6.9090390246621E-4
1|250828|6.9090390246621E-4
1|437193|6.9090390246621E-4
1|252876|6.9090390246621E-4
1|248786|6.9090390246621E-4
1|252881|6.9090390246621E-4
1|250832|6.9090390246621E-4
1|248790|6.9090390246621E-4
1|248789|6.9090390246621E-4
1|250841|6.9090390246621E-4
1|248793|6.9090390246621E-4
1|320473|6.9090390246621E-4
1|248797|6.9090390246621E-4
1|248801|6.9090390246621E-4
1|250853|6.9090390246621E-4
1|250852|6.9090390246621E-4
1|250859|6.9090390246621E-4
1|3048|6.9090390246621E-4
1|248814|6.9090390246621E-4
1|484342|6.9090390246621E-4
1|248817|6.9090390246621E-4
1|248823|6.9090390246621E-4
1|252918|6.9090390246621E-4
1|248820|6.9090390246621E-4
1|248826|6.9090390246621E-4
1|248825|6.9090390246621E-4
1|248824|6.9090390246621E-4
1|250877|6.9090390246621E-4
1|250876|6.9090390246621E-4
1|248835|6.9090390246621E-4
1|248833|6.9090390246621E-4
1|248838|6.9090390246621E-4
1|248836|6.9090390246621E-4
1|248841|6.9090390246621E-4
1|283656|6.9090390246621E-4
1|250894|6.9090390246621E-4
1|250892|0.0013818078049324205
1|7185|6.9090390246621E-4
1|248850|6.9090390246621E-4
1|250897|6.9090390246621E-4
1|250896|6.9090390246621E-4
1|248855|6.9090390246621E-4
1|248853|6.9090390246621E-4
1|248858|6.9090390246621E-4
1|248857|6.9090390246621E-4
1|248863|6.9090390246621E-4
1|1062|6.9090390246621E-4
1|357421|6.9090390246621E-4
1|248874|6.9090390246621E-4
1|248877|6.9090390246621E-4
1|250924|6.9090390246621E-4
1|248881|6.9090390246621E-4
1|277555|6.9090390246621E-4
1|263228|6.9090390246621E-4
1|250937|6.9090390246621E-4
1|248893|6.9090390246621E-4
1|250947|6.9090390246621E-4
1|341061|6.9090390246621E-4
1|23617|6.9090390246621E-4
1|250944|6.9090390246621E-4
1|248903|6.9090390246621E-4
1|248902|6.9090390246621E-4
1|248900|6.9090390246621E-4
1|72777|6.9090390246621E-4
1|248905|6.9090390246621E-4
1|296009|6.9090390246621E-4
1|599111|0.0013818078049324205
1|1106|6.9090390246621E-4
1|248913|0.0020727117073986293
1|248912|6.9090390246621E-4
1|248919|6.9090390246621E-4
1|250967|6.9090390246621E-4
1|248923|0.0013818078049324205
1|253016|6.9090390246621E-4
1|281690|6.9090390246621E-4
1|164957|6.9090390246621E-4
1|351332|6.9090390246621E-4
1|248928|6.9090390246621E-4
1|248934|6.9090390246621E-4
1|248932|6.9090390246621E-4
1|248941|6.9090390246621E-4
1|250989|6.9090390246621E-4
1|248945|6.9090390246621E-4
1|248951|6.9090390246621E-4
1|248953|6.9090390246621E-4
1|248959|6.9090390246621E-4
1|251004|6.9090390246621E-4
1|248964|6.9090390246621E-4
1|257156|6.9090390246621E-4
1|248968|6.9090390246621E-4
1|248975|6.9090390246621E-4
1|253071|6.9090390246621E-4
1|83087|6.9090390246621E-4
1|259212|6.9090390246621E-4
1|248976|6.9090390246621E-4
1|248980|6.9090390246621E-4
1|248985|6.9090390246621E-4
1|138393|6.9090390246621E-4
1|248991|6.9090390246621E-4
1|248989|6.9090390246621E-4
1|253084|6.9090390246621E-4
1|248995|6.9090390246621E-4
1|251044|6.9090390246621E-4
1|521388|6.9090390246621E-4
1|3245|6.9090390246621E-4
1|249006|6.9090390246621E-4
1|249005|6.9090390246621E-4
1|249011|6.9090390246621E-4
1|87216|6.9090390246621E-4
1|259249|6.9090390246621E-4
1|249008|6.9090390246621E-4
1|249015|6.9090390246621E-4
1|249014|6.9090390246621E-4
1|249016|6.9090390246621E-4
1|253117|6.9090390246621E-4
1|249020|6.9090390246621E-4
1|249027|6.9090390246621E-4
1|251074|6.9090390246621E-4
1|249028|6.9090390246621E-4
1|249035|6.9090390246621E-4
1|253130|6.9090390246621E-4
1|251081|6.9090390246621E-4
1|251084|6.9090390246621E-4
1|249043|6.9090390246621E-4
1|249041|6.9090390246621E-4
1|249047|6.9090390246621E-4
1|253147|6.9090390246621E-4
1|251099|6.9090390246621E-4
1|236762|6.9090390246621E-4
1|249050|6.9090390246621E-4
1|255193|6.9090390246621E-4
1|249048|6.9090390246621E-4
1|287962|6.9090390246621E-4
1|249052|6.9090390246621E-4
1|249057|6.9090390246621E-4
1|122085|6.9090390246621E-4
1|333024|6.9090390246621E-4
1|249061|6.9090390246621E-4
1|251109|6.9090390246621E-4
1|249060|6.9090390246621E-4
1|285933|6.9090390246621E-4
1|251114|6.9090390246621E-4
1|249064|6.9090390246621E-4
1|261358|6.9090390246621E-4
1|337128|6.9090390246621E-4
1|249085|6.9090390246621E-4
1|249084|6.9090390246621E-4
1|249089|6.9090390246621E-4
1|255232|6.9090390246621E-4
1|1286|6.9090390246621E-4
1|251141|6.9090390246621E-4
1|255236|6.9090390246621E-4
1|249092|6.9090390246621E-4
1|273676|6.9090390246621E-4
1|249097|6.9090390246621E-4
1|251145|6.9090390246621E-4
1|251144|6.9090390246621E-4
1|249101|6.9090390246621E-4
1|249100|6.9090390246621E-4
1|572679|0.004145423414797259
1|249115|6.9090390246621E-4
1|1305|6.9090390246621E-4
1|249119|6.9090390246621E-4
1|253215|6.9090390246621E-4
1|249118|6.9090390246621E-4
1|249117|6.9090390246621E-4
1|251171|6.9090390246621E-4
1|249123|6.9090390246621E-4
1|441639|6.9090390246621E-4
1|249120|6.9090390246621E-4
1|5412|6.9090390246621E-4
1|253222|6.9090390246621E-4
1|249131|6.9090390246621E-4
1|257320|6.9090390246621E-4
1|271663|6.9090390246621E-4
1|261416|6.9090390246621E-4
1|337195|6.9090390246621E-4
1|251187|6.9090390246621E-4
1|251186|6.9090390246621E-4
1|283958|0.0013818078049324205
1|249136|0.0013818078049324205
1|253239|6.9090390246621E-4
1|249143|6.9090390246621E-4
1|249147|6.9090390246621E-4
1|249151|6.9090390246621E-4
1|249148|6.9090390246621E-4
1|251196|6.9090390246621E-4
1|255299|6.9090390246621E-4
1|255303|6.9090390246621E-4
1|249157|6.9090390246621E-4
1|249156|6.9090390246621E-4
1|249161|6.9090390246621E-4
1|249160|6.9090390246621E-4
1|253263|6.9090390246621E-4
1|255311|6.9090390246621E-4
1|249164|6.9090390246621E-4
1|249171|6.9090390246621E-4
1|251216|6.9090390246621E-4
1|251222|6.9090390246621E-4
1|251221|6.9090390246621E-4
1|249172|0.0013818078049324205
1|251226|6.9090390246621E-4
1|251231|6.9090390246621E-4
1|253277|6.9090390246621E-4
1|249181|6.9090390246621E-4
1|257372|6.9090390246621E-4
1|249187|6.9090390246621E-4
1|249190|6.9090390246621E-4
1|249194|6.9090390246621E-4
1|249199|6.9090390246621E-4
1|251245|6.9090390246621E-4
1|259443|6.9090390246621E-4
1|421235|6.9090390246621E-4
1|251254|6.9090390246621E-4
1|253301|6.9090390246621E-4
1|249205|6.9090390246621E-4
1|249204|6.9090390246621E-4
1|120185|6.9090390246621E-4
1|253307|6.9090390246621E-4
1|249212|6.9090390246621E-4
1|249219|6.9090390246621E-4
1|265605|6.9090390246621E-4
1|48518|6.9090390246621E-4
1|249220|6.9090390246621E-4
1|249226|6.9090390246621E-4
1|253325|6.9090390246621E-4
1|251283|6.9090390246621E-4
1|249234|6.9090390246621E-4
1|177558|6.9090390246621E-4
1|255386|6.9090390246621E-4
1|169371|6.9090390246621E-4
1|249246|6.9090390246621E-4
1|87455|6.9090390246621E-4
1|249244|6.9090390246621E-4
1|251292|6.9090390246621E-4
1|249255|6.9090390246621E-4
1|251300|6.9090390246621E-4
1|292269|0.0013818078049324205
1|249256|6.9090390246621E-4
1|251304|6.9090390246621E-4
1|249260|6.9090390246621E-4
1|249267|6.9090390246621E-4
1|220593|6.9090390246621E-4
1|257456|6.9090390246621E-4
1|249264|6.9090390246621E-4
1|253365|6.9090390246621E-4
1|251321|6.9090390246621E-4
1|351673|6.9090390246621E-4
1|249277|6.9090390246621E-4
1|249276|6.9090390246621E-4
1|261571|6.9090390246621E-4
1|253387|6.9090390246621E-4
1|249289|6.9090390246621E-4
1|460236|6.9090390246621E-4
1|273864|6.9090390246621E-4
1|214476|6.9090390246621E-4
1|255443|6.9090390246621E-4
1|251345|6.9090390246621E-4
1|249302|6.9090390246621E-4
1|161243|6.9090390246621E-4
1|32218|6.9090390246621E-4
1|249305|6.9090390246621E-4
1|138722|6.9090390246621E-4
1|249314|6.9090390246621E-4
1|249312|6.9090390246621E-4
1|251367|6.9090390246621E-4
1|251366|6.9090390246621E-4
1|257514|6.9090390246621E-4
1|255471|6.9090390246621E-4
1|284136|6.9090390246621E-4
1|249327|6.9090390246621E-4
1|249325|6.9090390246621E-4
1|249324|6.9090390246621E-4
1|251372|6.9090390246621E-4
1|253427|6.9090390246621E-4
1|249331|6.9090390246621E-4
1|251378|6.9090390246621E-4
1|249329|6.9090390246621E-4
1|261621|6.9090390246621E-4
1|251380|6.9090390246621E-4
1|79353|6.9090390246621E-4
1|249337|6.9090390246621E-4
1|65019|6.9090390246621E-4
1|255489|6.9090390246621E-4
1|124423|6.9090390246621E-4
1|251400|6.9090390246621E-4
1|249358|6.9090390246621E-4
1|251405|6.9090390246621E-4
1|253458|6.9090390246621E-4
1|249361|0.0013818078049324205
1|251414|6.9090390246621E-4
1|249364|6.9090390246621E-4
1|251419|6.9090390246621E-4
1|253466|0.0013818078049324205
1|249369|6.9090390246621E-4
1|249368|6.9090390246621E-4
1|91679|6.9090390246621E-4
1|249378|6.9090390246621E-4
1|368172|6.9090390246621E-4
1|255528|6.9090390246621E-4
1|249391|6.9090390246621E-4
1|235053|6.9090390246621E-4
1|11823|6.9090390246621E-4
1|249388|6.9090390246621E-4
1|9777|6.9090390246621E-4
1|108083|6.9090390246621E-4
1|249399|6.9090390246621E-4
1|249397|6.9090390246621E-4
1|3638|6.9090390246621E-4
1|308796|6.9090390246621E-4
1|251450|6.9090390246621E-4
1|157246|6.9090390246621E-4
1|249406|6.9090390246621E-4
1|253506|6.9090390246621E-4
1|312898|6.9090390246621E-4
1|251461|6.9090390246621E-4
1|306764|6.9090390246621E-4
1|249418|6.9090390246621E-4
1|253514|6.9090390246621E-4
1|364111|6.9090390246621E-4
1|249423|6.9090390246621E-4
1|257614|6.9090390246621E-4
1|249421|6.9090390246621E-4
1|249425|6.9090390246621E-4
1|249429|6.9090390246621E-4
1|249428|6.9090390246621E-4
1|249433|6.9090390246621E-4
1|364121|6.9090390246621E-4
1|249439|6.9090390246621E-4
1|349784|6.9090390246621E-4
1|278106|6.9090390246621E-4
1|249443|6.9090390246621E-4
1|73319|6.9090390246621E-4
1|249444|6.9090390246621E-4
1|251496|6.9090390246621E-4
1|349806|6.9090390246621E-4
1|249453|6.9090390246621E-4
1|259699|6.9090390246621E-4
1|251505|6.9090390246621E-4
1|249462|6.9090390246621E-4
1|249466|6.9090390246621E-4
1|257657|6.9090390246621E-4
1|249470|6.9090390246621E-4
1|441976|6.9090390246621E-4
1|263802|6.9090390246621E-4
1|249475|6.9090390246621E-4
1|249479|6.9090390246621E-4
1|255622|6.9090390246621E-4
1|249482|6.9090390246621E-4
1|249481|6.9090390246621E-4
1|26250|6.9090390246621E-4
1|249480|6.9090390246621E-4
1|61071|6.9090390246621E-4
1|253580|6.9090390246621E-4
1|50833|0.0013818078049324205
1|249492|6.9090390246621E-4
1|249497|6.9090390246621E-4
1|132760|6.9090390246621E-4
1|175768|6.9090390246621E-4
1|251545|6.9090390246621E-4
1|249502|6.9090390246621E-4
1|257693|6.9090390246621E-4
1|251554|6.9090390246621E-4
1|177828|6.9090390246621E-4
1|249515|6.9090390246621E-4
1|11945|6.9090390246621E-4
1|286382|6.9090390246621E-4
1|251567|6.9090390246621E-4
1|286379|6.9090390246621E-4
1|249522|6.9090390246621E-4
1|251570|6.9090390246621E-4
1|257717|0.0013818078049324205
1|249525|6.9090390246621E-4
1|292530|6.9090390246621E-4
1|249524|6.9090390246621E-4
1|249532|6.9090390246621E-4
1|249540|6.9090390246621E-4
1|63176|6.9090390246621E-4
1|251603|6.9090390246621E-4
1|249558|6.9090390246621E-4
1|155351|6.9090390246621E-4
1|251604|6.9090390246621E-4
1|249563|6.9090390246621E-4
1|249561|6.9090390246621E-4
1|253657|6.9090390246621E-4
1|249566|6.9090390246621E-4
1|257757|6.9090390246621E-4
1|249569|6.9090390246621E-4
1|259814|6.9090390246621E-4
1|249574|6.9090390246621E-4
1|569069|6.9090390246621E-4
1|251627|6.9090390246621E-4
1|503531|6.9090390246621E-4
1|259823|6.9090390246621E-4
1|251630|6.9090390246621E-4
1|657124|6.9090390246621E-4
1|251639|6.9090390246621E-4
1|249597|6.9090390246621E-4
1|306950|6.9090390246621E-4
1|265984|6.9090390246621E-4
1|255750|6.9090390246621E-4
1|278285|6.9090390246621E-4
1|251658|6.9090390246621E-4
1|251657|6.9090390246621E-4
1|251656|6.9090390246621E-4
1|251663|6.9090390246621E-4
1|249619|6.9090390246621E-4
1|251664|6.9090390246621E-4
1|249624|6.9090390246621E-4
1|249629|6.9090390246621E-4
1|249628|6.9090390246621E-4
1|249635|6.9090390246621E-4
1|249634|6.9090390246621E-4
1|249632|6.9090390246621E-4
1|358177|6.9090390246621E-4
1|249643|6.9090390246621E-4
1|249642|6.9090390246621E-4
1|251688|6.9090390246621E-4
1|249640|6.9090390246621E-4
1|1838|6.9090390246621E-4
1|540454|6.9090390246621E-4
1|372523|6.9090390246621E-4
1|259885|6.9090390246621E-4
1|249644|6.9090390246621E-4
1|362282|6.9090390246621E-4
1|251699|0.0013818078049324205
1|251697|6.9090390246621E-4
1|249655|6.9090390246621E-4
1|253749|6.9090390246621E-4
1|253759|6.9090390246621E-4
1|259905|0.0013818078049324205
1|251719|6.9090390246621E-4
1|337730|6.9090390246621E-4
1|249675|6.9090390246621E-4
1|249677|6.9090390246621E-4
1|249676|6.9090390246621E-4
1|249683|6.9090390246621E-4
1|134998|6.9090390246621E-4
1|14165|6.9090390246621E-4
1|251743|6.9090390246621E-4
1|333656|6.9090390246621E-4
1|251741|6.9090390246621E-4
1|251746|6.9090390246621E-4
1|143206|6.9090390246621E-4
1|255850|6.9090390246621E-4
1|249711|6.9090390246621E-4
1|296809|6.9090390246621E-4
1|249708|6.9090390246621E-4
1|249715|6.9090390246621E-4
1|247671|0.0013818078049324205
1|87925|6.9090390246621E-4
1|247670|0.0020727117073986293
1|251766|6.9090390246621E-4
1|247669|0.002763615609864841
1|247668|0.0013818078049324205
1|249716|6.9090390246621E-4
1|247675|0.0013818078049324205
1|247674|0.0013818078049324205
1|247673|0.0013818078049324205
1|247672|0.0013818078049324205
1|247678|6.9090390246621E-4
1|247677|6.9090390246621E-4
1|247676|0.0013818078049324205
1|255868|6.9090390246621E-4
1|251779|6.9090390246621E-4
1|247682|6.9090390246621E-4
1|247681|0.0013818078049324205
1|247680|6.9090390246621E-4
1|249728|6.9090390246621E-4
1|288640|6.9090390246621E-4
1|247686|0.0013818078049324205
1|247685|6.9090390246621E-4
1|247690|0.0013818078049324205
1|247689|6.9090390246621E-4
1|247688|6.9090390246621E-4
1|247695|6.9090390246621E-4
1|247694|6.9090390246621E-4
1|251790|6.9090390246621E-4
1|247693|6.9090390246621E-4
1|247692|6.9090390246621E-4
1|247699|6.9090390246621E-4
1|247698|6.9090390246621E-4
1|247697|0.0013818078049324205
1|247703|6.9090390246621E-4
1|247702|6.9090390246621E-4
1|247700|0.0013818078049324205
1|247707|6.9090390246621E-4
1|247706|6.9090390246621E-4
1|247705|6.9090390246621E-4
1|247704|6.9090390246621E-4
1|249752|6.9090390246621E-4
1|90013|6.9090390246621E-4
1|247711|6.9090390246621E-4
1|247710|6.9090390246621E-4
1|249757|6.9090390246621E-4
1|247708|6.9090390246621E-4
1|249756|6.9090390246621E-4
1|247715|0.0013818078049324205
1|249763|6.9090390246621E-4
1|247714|6.9090390246621E-4
1|247713|6.9090390246621E-4
1|247719|0.0013818078049324205
1|247718|6.9090390246621E-4
1|249766|6.9090390246621E-4
1|247717|6.9090390246621E-4
1|247716|0.0013818078049324205
1|247722|6.9090390246621E-4
1|249770|6.9090390246621E-4
1|247727|6.9090390246621E-4
1|122796|6.9090390246621E-4
1|626617|6.9090390246621E-4
1|251826|6.9090390246621E-4
1|247729|6.9090390246621E-4
1|249777|6.9090390246621E-4
1|247728|6.9090390246621E-4
1|247732|6.9090390246621E-4
1|247739|6.9090390246621E-4
1|247738|0.0013818078049324205
1|247737|6.9090390246621E-4
1|247743|6.9090390246621E-4
1|247742|6.9090390246621E-4
1|247741|0.0013818078049324205
1|251836|6.9090390246621E-4
1|247747|6.9090390246621E-4
1|247746|6.9090390246621E-4
1|247745|6.9090390246621E-4
1|249793|6.9090390246621E-4
1|247750|6.9090390246621E-4
1|247748|6.9090390246621E-4
1|18375|6.9090390246621E-4
1|247755|6.9090390246621E-4
1|247754|0.0013818078049324205
1|249802|6.9090390246621E-4
1|253898|6.9090390246621E-4
1|249801|6.9090390246621E-4
1|247753|6.9090390246621E-4
1|247759|6.9090390246621E-4
1|247758|0.0020727117073986293
1|249805|6.9090390246621E-4
1|247763|6.9090390246621E-4
1|247762|0.0020727117073986293
1|249810|6.9090390246621E-4
1|247761|6.9090390246621E-4
1|247760|6.9090390246621E-4
1|247767|6.9090390246621E-4
1|114644|6.9090390246621E-4
1|247765|6.9090390246621E-4
1|249813|6.9090390246621E-4
1|247771|6.9090390246621E-4
1|247770|6.9090390246621E-4
1|16346|6.9090390246621E-4
1|247769|6.9090390246621E-4
1|247768|6.9090390246621E-4
1|247774|6.9090390246621E-4
1|249822|6.9090390246621E-4
1|247773|0.0013818078049324205
1|247772|6.9090390246621E-4
1|247779|6.9090390246621E-4
1|247777|6.9090390246621E-4
1|249825|6.9090390246621E-4
1|247782|6.9090390246621E-4
1|247781|6.9090390246621E-4
1|247780|6.9090390246621E-4
1|262123|6.9090390246621E-4
1|247786|6.9090390246621E-4
1|247785|6.9090390246621E-4
1|247784|0.0013818078049324205
1|251880|6.9090390246621E-4
1|247791|6.9090390246621E-4
1|249839|6.9090390246621E-4
1|247789|6.9090390246621E-4
1|247788|6.9090390246621E-4
1|251884|6.9090390246621E-4
1|247795|0.0013818078049324205
1|192499|0.0013818078049324205
1|247793|0.0013818078049324205
1|247792|6.9090390246621E-4
1|247799|6.9090390246621E-4
1|247797|6.9090390246621E-4
1|1046520|6.9090390246621E-4
1|247803|6.9090390246621E-4
1|247802|6.9090390246621E-4
1|249850|6.9090390246621E-4
1|251897|6.9090390246621E-4
1|247801|6.9090390246621E-4
1|249849|6.9090390246621E-4
1|14330|6.9090390246621E-4
1|247800|6.9090390246621E-4
1|255992|6.9090390246621E-4
1|249855|6.9090390246621E-4
1|247806|6.9090390246621E-4
1|247805|6.9090390246621E-4
1|247804|6.9090390246621E-4
2|253826|0.024509804261394562
2|803790|0.024509804261394562
2|249536|0.024509804261394562
2|250247|0.024509804261394562
2|250949|0.024509804261394562
2|270669|0.024509804261394562
2|980871|0.024509804261394562
2|247951|0.024509804261394562
2|664006|0.024509804261394562
2|251342|0.024509804261394562
2|335|0.024509804261394562
2|247891|0.049019608522789124
2|249491|0.024509804261394562
2|248726|0.024509804261394562
2|8917|0.024509804261394562
2|252248|0.024509804261394562
2|666708|0.024509804261394562
2|247837|0.049019608522789124
2|800658|0.024509804261394562
2|250588|0.024509804261394562
2|1044624|0.049019608522789124
2|955692|0.024509804261394562
2|658024|0.024509804261394562
2|766760|0.024509804261394562
2|256480|0.024509804261394562
2|669742|0.024509804261394562
2|248741|0.024509804261394562
2|33128|0.024509804261394562
2|248618|0.024509804261394562
2|253738|0.024509804261394562
2|35563|0.024509804261394562
2|3629|0.024509804261394562
2|801529|0.024509804261394562
2|679679|0.024509804261394562
2|674300|0.024509804261394562
2|12599|0.024509804261394562
2|760561|0.024509804261394562
3|13440|0.016072002932884907
3|1046543|0.016072002932884907
3|1046542|0.016072002932884907
3|1046541|0.016072002932884907
3|1046540|0.016072002932884907
3|1046539|0.016072002932884907
3|403459|0.016072002932884907
3|1046538|0.016072002932884907
3|1046537|0.016072002932884907
3|293507|0.016072002932884907
3|1046536|0.016072002932884907
3|1046535|0.016072002932884907
3|248843|0.03214400586576981
3|249994|0.016072002932884907
3|1046534|0.016072002932884907
3|1046533|0.016072002932884907
3|1046532|0.016072002932884907
3|1046531|0.016072002932884907
3|309128|0.016072002932884907
3|1046530|0.016072002932884907
3|342536|0.016072002932884907
3|1046528|0.016072002932884907
3|42643|0.016072002932884907
3|283411|0.016072002932884907
3|18459|0.016072002932884907
3|278040|0.016072002932884907
3|271777|0.016072002932884907
3|259748|0.016072002932884907
3|273837|0.016072002932884907
3|247724|0.016072002932884907
3|261430|0.016072002932884907
3|273457|0.016072002932884907
3|267569|0.016072002932884907
3|334012|0.016072002932884907
3|259775|0.016072002932884907
3|308295|0.016072002932884907
3|270275|0.016072002932884907
3|294478|0.016072002932884907
3|267081|0.016072002932884907
3|257237|0.016072002932884907
3|660178|0.016072002932884907
3|280927|0.016072002932884907
3|122205|0.016072002932884907
3|31204|0.016072002932884907
3|611813|0.016072002932884907
3|258159|0.016072002932884907
3|252142|0.016072002932884907
3|264937|0.016072002932884907
3|1046527|0.016072002932884907
3|1046526|0.016072002932884907
3|1046525|0.016072002932884907
3|1046524|0.016072002932884907
3|1046523|0.016072002932884907
3|1046521|0.016072002932884907
3|298483|0.016072002932884907
3|1046519|0.016072002932884907
3|296060|0.016072002932884907
3|1046518|0.016072002932884907
3|1046517|0.016072002932884907
3|1046516|0.016072002932884907
